00000
00000
00000
00000
00000
00000
00000
00000
00000
00000
00000
00000
00000
00000
00000
00000
00000
00000
00000
00000
00000
00000
00000
00000
00000
00000
00000
00000
00000
00000
00000
00000
00000
00000
00000
00000
00000
00000
00000
00000
01000
01000
01000
01000
01000
01000
01000
01000
01000
01000
01000
01000
01000
01000
01000
01000
01000
01000
01000
01000
01000
01000
01000
01000
01000
01000
01000
01000
01000
01000
01000
01000
01000
01000
01000
01000
01000
01000
01000
01000
01101
10101
10101
10101
10101
10101
10101
10101
10101
10101
10101
10101
10101
10101
10101
10101
10101
10101
10101
11101
11101
10101
10101
10101
10101
10101
10101
10101
10101
10101
10101
10101
10101
10101
10101
10101
10101
10101
10101
11001
01011
10010
01010
01010
01010
01010
01010
01010
00010
01010
01010
01010
01010
01010
01010
01010
01010
01010
00110
01111
11011
10010
01010
01010
01010
01010
01010
01010
01010
01010
01010
00010
01010
01010
01010
01010
01010
01010
00110
01011
01011
10100
01101
10101
10101
10101
10101
11001
10100
01101
10101
10101
10101
10101
10101
10101
10101
11001
10100
01111
11011
10100
01101
10101
10101
10101
10101
10101
10101
10101
11001
10100
01101
10101
10101
10101
10101
11001
10100
01011
01011
10100
01011
11010
01010
01010
01110
01011
10100
01011
11010
01010
01010
01010
01010
01010
01110
01011
10100
01111
11011
10100
01011
11010
01010
01010
01010
01010
01010
01110
01011
10100
01011
11010
01010
01010
01110
01011
10100
01011
01011
10100
00111
10101
10101
10101
10101
10011
10100
00111
10101
10101
10101
10101
10101
10101
10101
10011
10100
00111
10011
10100
00111
10101
10101
10101
10101
10101
10101
10101
10011
10100
00111
10101
10101
10101
10101
10011
10100
01011
01011
10000
01010
01010
01010
01010
01010
01010
00000
01010
00010
01010
01010
01010
01010
01010
01010
01010
01000
01010
01010
01000
01010
01010
01010
01010
01010
01010
01010
00010
01010
00000
01010
01010
01010
01010
01010
01010
00100
01011
01011
10100
00101
10101
10101
10101
10101
10001
10100
01001
10100
00101
10101
10101
10101
10101
10101
10101
10101
11101
11101
10101
10101
10101
10101
10101
10101
10101
10001
10100
01001
10100
00101
10101
10101
10101
10101
10001
10100
01011
01011
11000
01010
01010
01010
01010
01010
01010
00100
01011
11000
01010
01010
01010
01010
01010
01010
01010
00110
01111
11011
10010
01010
01010
01010
01010
01010
01010
01010
01100
01011
10000
01010
01010
01010
01010
01010
01010
01100
01011
00111
10101
10101
10101
10101
10101
10101
11001
10100
01111
10101
10101
10101
10101
10101
10101
10101
10001
10100
00111
10011
10100
00101
10101
10101
10101
10101
10101
10101
10101
11011
10100
01101
10101
10101
10101
10101
10101
10101
10011
00010
00010
00010
00010
00010
00010
00110
01011
10100
01011
10010
01010
01010
01010
01010
01010
01010
01010
01000
00010
00010
01000
01010
01010
01010
01010
01010
01010
01010
00110
01011
10100
01011
10010
00010
00010
00010
00010
00010
00010
01000
01000
01000
01000
01000
01000
01100
01011
10100
01011
10100
01101
10101
10101
10101
10101
10101
10101
10001
10000
00100
00101
10101
10101
10101
10101
10101
10101
11001
10100
01011
10100
01011
11000
01000
01000
01000
01000
01000
01000
00101
10101
10101
10101
10101
10101
10101
10011
10100
00011
10100
01011
10010
00010
00010
00010
00010
00010
00010
00000
00000
00010
00010
00010
00010
00010
00010
00110
01011
10100
00011
10100
00111
10101
10101
10101
10101
10101
10101
10001
01010
01010
01010
01010
01010
01010
01010
01010
00000
01010
00100
01011
10000
00000
00000
00000
00000
00000
00000
00000
00000
00000
00000
00000
00000
00000
00000
00100
01011
10000
01010
00000
01010
01010
01010
01010
01010
01010
01010
01010
00101
10101
10101
10101
10101
10101
10101
11001
10100
01001
10100
01011
11000
01000
01000
01000
01000
01000
01000
01000
01000
01000
01000
01000
01000
01000
01000
01100
01011
10100
01001
10100
01101
10101
10101
10101
10101
10101
10101
10001
00010
00010
00010
00010
00010
00010
00110
01011
10100
01011
10100
00111
10101
10101
10101
10101
10101
10101
10101
10101
10101
10101
10101
10101
10101
10101
10101
10101
10011
10100
01011
10100
01011
10010
00010
00010
00010
00010
00010
00010
01000
01000
01000
01000
01000
01000
01100
01011
10100
01011
10000
01010
01010
01010
01010
01010
01010
01010
01010
01010
01010
01010
01010
01010
01010
01010
01010
01010
01010
00100
01011
10100
01011
11000
01000
01000
01000
01000
01000
01000
01101
10101
10101
10101
10101
10101
10101
10011
10100
01011
10100
00101
10101
10101
10101
10101
10101
10101
10101
11101
11101
10101
10101
10101
10101
10101
10101
10101
10001
10100
00011
10100
00111
10101
10101
10101
10101
10101
10101
11001
01011
10010
01010
01010
01010
01010
01010
01010
00100
01011
11000
01010
01010
01010
01010
01010
01010
01010
00110
01111
11011
10010
01010
01010
01010
01010
01010
01010
01010
01000
01010
00000
01010
01010
01010
01010
01010
01010
00110
01011
01011
10100
00101
10101
10101
10101
10101
11001
10100
00111
10101
10101
10101
10101
10101
10101
10101
10001
10100
00111
10011
10100
00101
10101
10101
10101
10101
10101
10101
10101
10001
10100
01101
10101
10101
10101
10101
10001
10100
01011
01011
11000
01010
01010
01010
01010
00110
01011
10000
01010
00010
01010
01010
01010
01010
01010
01010
01010
01000
01010
01010
01000
01010
01010
01010
01010
01010
01010
01010
00010
01010
00100
01011
10010
01010
01010
01010
01010
01100
01011
01111
10101
10101
10101
10101
10001
10100
00011
10100
01001
10100
00101
10101
10101
10101
10101
10101
10101
10101
11101
11101
10101
10101
10101
10101
10101
10101
10101
10001
10100
01001
10100
00011
10100
00101
10101
10101
10101
10101
11011
01011
10010
01010
01010
01010
01010
01000
01010
01100
01011
11000
01010
01010
01010
01010
01010
01010
01010
00110
01111
11011
10010
01010
01010
01010
01010
01010
01010
01010
01100
01011
11000
01010
01000
01010
01010
01010
01010
00110
01011
01011
10100
00101
10101
10101
10101
10101
10101
10101
10111
10101
10101
10101
10101
10101
10101
10101
10001
10100
00111
10011
10100
00101
10101
10101
10101
10101
10101
10101
10101
10111
10101
10101
10101
10101
10101
10101
10001
10100
01011
01011
11000
01010
01010
01010
01010
01010
01010
01010
01010
01010
01010
01010
01010
01010
01010
01010
01010
01000
01010
01010
01000
01010
01010
01010
01010
01010
01010
01010
01010
01010
01010
01010
01010
01010
01010
01010
01010
01100
01011
00111
10101
10101
10101
10101
10101
10101
10101
10101
10101
10101
10101
10101
10101
10101
10101
10101
10101
10101
10101
10101
10101
10101
10101
10101
10101
10101
10101
10101
10101
10101
10101
10101
10101
10101
10101
10101
10101
10101
10011
00010
00010
00010
00010
00010
00010
00010
00010
00010
00010
00010
00010
00010
00010
00010
00010
00010
00010
00010
00010
00010
00010
00010
00010
00010
00010
00010
00010
00010
00010
00010
00010
00010
00010
00010
00010
00010
00010
00010
00010
00000
00000
00000
00000
00000
00000
00000
00000
00000
00000
00000
00000
00000
00000
00000
00000
00000
00000
00000
00000
00000
00000
00000
00000
00000
00000
00000
00000
00000
00000
00000
00000
00000
00000
00000
00000
00000
00000
00000
00000
00000
00000
00000
00000
00000
00000
00000
00000
00000
00000
00000
00000
00000
00000
00000
00000
00000
00000
00000
00000
00000
00000
00000
00000
00000
00000
00000
00000
00000
00000
00000
00000
00000
00000
00000
00000
00000
00000
00000
00000
